position: 
  x: 0.07791896210823636
  y: 0.007597022233606496
  z: 1.416319432165824
orientation: 
  x: -3.0377950917865115e-13
  y: -6.851038187673508e-14
  z: 0.03284266834741995
  w: 0.9994605340561584
---
